Enter      |  10
Esc        |  27
Tab        |   9
F1         |  27 | 79 | 80
F2         |  27 | 79 | 81
F3         |  27 | 79 | 82
F4         |  27 | 79 | 83
F5         |  27 | 91 | 49 |  53 | 126
F6         |  27 | 91 | 49 |  55 | 126
F7         |  27 | 91 | 49 |  56 | 126 
F8         |  27 | 91 | 49 |  57 | 126
F9         |  27 | 91 | 50 |  48 | 126
F10        |  27 | 91 | 50 |  49 | 126
Ctrl+F1    |  27 | 79 | 53 |  80
Ctrl+F2    |  27 | 79 | 53 |  81
Ctrl+F3    |  27 | 79 | 53 |  82
Ctrl+F4    |  27 | 79 | 53 |  83
Ctrl+F5    |  27 | 91 | 49 |  53 | 59 | 53 | 126
Ctrl+F6    |  27 | 91 | 49 |  55 | 59 | 53 | 126
Ctrl+F7    |  27 | 91 | 49 |  56 | 59 | 53 | 126
Ctrl+F8    |  27 | 91 | 49 |  57 | 59 | 53 | 126
Ctrl+F9    |  27 | 91 | 50 |  48 | 59 | 53 | 126
Ctrl+F10   |  27 | 91 | 50 |  49 | 59 | 53 | 126
Ins        |  27 | 91 | 50 | 126
Del        |  27 | 91 | 51 | 126
Home       |  27 | 91 | 72
End        |  27 | 91 | 70
Ctrl+Ins   |  27 | 91 | 50 |  59 | 53 | 126
Ctrl+Del   |  27 | 91 | 51 |  59 | 53 | 126
Ctrl+Home  |  27 | 91 | 49 |  59 | 53 |  72
Ctrl+End   |  27 | 91 | 49 |  59 | 53 |  70
PageUp     |  27 | 91 | 53 | 126
PageDown   |  27 | 91 | 54 | 126
Up         |  27 | 91 | 65
Down       |  27 | 91 | 66
Left       |  27 | 91 | 68
Right      |  27 | 91 | 67
Ctrl+Up    |  27 | 91 | 49 | 59 | 53 | 65
Ctrl+Down  |  27 | 91 | 49 | 59 | 53 | 66
Ctrl+Left  |  27 | 91 | 49 | 59 | 53 | 68
Ctrl+Right |  27 | 91 | 49 | 59 | 53 | 67
Alt+Up     |  27 | 91 | 49 | 59 | 51 | 65
Alt+Down   |  27 | 91 | 49 | 59 | 51 | 66
Alt+Left   |  27 | 91 | 49 | 59 | 51 | 68
Alt+Right  |  27 | 91 | 49 | 59 | 51 | 67
Ctrl+C     |   3
Ctrl+V     |  22
Ctrl+X     |  24
Back       | 127
